->11
6,7->12
5,6,7,9->1
5,6,7,9->8
5,6,7,9->3
5,6,7,9->10
5,6,7,9->2
3,5,6,7->9
3,5,6,7->1
3,5,6,7->8
3,5,6,7->10
4,5,6,7->2
6,7,9->13
2,6,7,9->5
2,6,7,9->1
2,6,7,9->8
2,6,7,9->3
2,6,7,9->10
4,6,7,9->5
4,6,7,9->1
4,6,7,9->8
4,6,7,9->3
4,6,7,9->10
4,6,7,9->2
2,13,6,7,8->9
2,13,6,7,8->1
2,13,6,7,8->3
4,6,7,8->5
4,6,7,8->9
4,6,7,8->1
4,6,7,8->3
4,6,7,8->10
13,6,7,8->5
13,6,7,8->10
3,6,7->2
3,6,7->13
2,6,7,10->5
2,6,7,10->9
2,6,7,10->1
2,6,7,10->8
2,6,7,10->3
2,6,7,10->4
4,6,7,10->5
4,6,7,10->9
4,6,7,10->1
4,6,7,10->8
4,6,7,10->3
4,6,7,10->2
4,6,7,10->13
13,6,7,10->5
13,6,7,10->8
5,7->12
5,7,9->4
5,7,9->13
2,5,7,9->6
2,5,7,9->1
2,5,7,9->8
2,5,7,9->3
2,5,7,9->10
5,7,8->6
5,7,8->10
5,7,8->13
2,5,7,8->1
2,5,7,8->3
4,5,7,8->1
4,5,7,8->3
2,3,5,7->9
2,3,5,7->1
2,3,5,7->8
2,3,5,7->10
2,3,5,7->4
13,3,5,7->9
13,3,5,7->1
13,3,5,7->8
13,3,5,7->10
13,3,5,7->4
2,5,7,10->6
2,5,7,10->9
2,5,7,10->1
2,5,7,10->8
2,5,7,10->3
2,5,7,10->4
13,4,5,7,10->9
13,4,5,7,10->1
13,4,5,7,10->3
13,5,7,10->6
13,5,7,10->8
1,7,9->8
1,7,9->3
1,7,9->10
1,7,9->4
1,7,9->13
7,8,9->6
7,8,9->5
7,8,9->1
7,8,9->3
7,8,9->10
7,8,9->2
7,8,9->4
7,8,9->12
7,8,9->13
3,7,9->6
3,7,9->5
3,7,9->1
3,7,9->8
3,7,9->10
3,7,9->2
3,7,9->4
3,7,9->13
7,9,10->6
7,9,10->5
7,9,10->1
7,9,10->3
7,9,10->2
7,9,10->4
7,9,10->12
7,9,10->13
2,7,9->4
2,7,9->12
2,13,7,9->6
2,13,7,9->5
2,13,7,9->1
2,13,7,9->8
2,13,7,9->3
2,13,7,9->10
13,4,7,9->5
13,7,9->12
1,7->6
1,7->5
1,7->2
1,7->12
1,7,8->9
1,7,8->3
1,7,8->10
1,7,8->13
1,3,7->9
1,3,7->8
1,3,7->10
1,3,7->13
1,7,10->9
1,7,10->8
1,7,10->3
1,7,10->4
1,7,10->13
1,4,7->9
1,4,7->8
1,4,7->3
1,4,7->10
1,4,7->13
1,13,7->9
1,13,7->8
1,13,7->3
1,13,7->10
1,13,7->4
3,7,8->6
3,7,8->5
3,7,8->9
3,7,8->1
3,7,8->10
3,7,8->2
3,7,8->4
3,7,8->13
7,8,10->6
7,8,10->5
7,8,10->12
7,8,10->13
2,7,8,10->9
2,7,8,10->1
2,7,8,10->3
2,7,8,10->4
4,7,8,10->9
4,7,8,10->1
4,7,8,10->3
2,12,13,7,8->9
2,12,13,7,8->1
2,12,13,7,8->3
2,13,7,8->4
4,7,8->2
4,7,8->13
12,4,7,8->5
12,4,7,8->9
12,4,7,8->1
12,4,7,8->3
12,4,7,8->10
12,7,8->6
12,13,7,8->5
12,13,7,8->10
3,7->12
3,7,10->6
3,7,10->5
3,7,10->9
3,7,10->1
3,7,10->8
3,7,10->2
3,7,10->4
3,7,10->13
2,3,7->6
2,3,7->13
3,4,7->6
3,4,7->5
3,4,7->9
3,4,7->1
3,4,7->8
3,4,7->10
3,4,7->2
3,4,7->13
13,3,7->6
13,3,7->2
2,7,10->13
2,12,4,7,10->6
2,12,4,7,10->9
2,12,4,7,10->1
2,12,4,7,10->8
2,12,4,7,10->3
12,4,7,10->5
12,13,4,7,10->6
12,13,4,7,10->9
12,13,4,7,10->1
12,13,4,7,10->8
12,13,4,7,10->3
13,4,7,10->2
5,6->12
5,6,8,9->1
5,6,8,9->3
5,6,8,9->2
2,5,6,9->1
2,5,6,9->8
2,5,6,9->3
2,5,6,9->10
2,5,6,9->4
2,5,6,9->13
4,5,6,9->7
4,5,6,9->1
4,5,6,9->8
4,5,6,9->3
4,5,6,9->10
4,5,6,9->2
4,5,6,9->13
13,5,6,9->1
13,5,6,9->8
13,5,6,9->3
13,5,6,9->10
13,5,6,9->2
1,5,6->7
1,4,5,6->9
1,4,5,6->8
1,4,5,6->3
1,4,5,6->10
1,13,5,6->9
1,13,5,6->8
1,13,5,6->3
1,13,5,6->10
5,6,8->7
5,6,8->10
5,6,8->13
2,5,6,8->1
2,5,6,8->3
4,5,6,8->1
4,5,6,8->3
3,5,6->4
2,3,5,6->9
2,3,5,6->1
2,3,5,6->8
2,3,5,6->10
13,3,5,6->9
13,3,5,6->1
13,3,5,6->8
13,3,5,6->10
5,6,10->7
5,6,10->8
5,6,10->13
2,5,6,10->9
2,5,6,10->1
2,5,6,10->3
2,5,6,10->4
4,5,6,10->9
4,5,6,10->1
4,5,6,10->3
4,5,6,10->2
2,5,6->7
13,4,5,6->9
13,4,5,6->1
13,4,5,6->8
13,4,5,6->3
13,4,5,6->10
13,4,5,6->2
13,5,6->7
1,6,9->7
1,6,9->5
1,6,9->8
1,6,9->3
1,6,9->10
1,6,9->4
1,6,9->13
6,8,9->4
6,8,9->12
6,8,9->13
2,6,8,9->7
2,6,8,9->5
2,6,8,9->1
2,6,8,9->3
2,6,8,9->10
3,6,9->7
3,6,9->5
3,6,9->1
3,6,9->8
3,6,9->10
3,6,9->2
3,6,9->4
3,6,9->13
6,9,10->7
6,9,10->5
6,9,10->1
6,9,10->3
6,9,10->2
6,9,10->4
6,9,10->12
6,9,10->13
13,6,9->12
1,6->2
1,6->12
1,6,8->7
1,6,8->5
1,6,8->9
1,6,8->3
1,6,8->10
1,6,8->13
1,3,6->7
1,3,6->5
1,3,6->9
1,3,6->8
1,3,6->10
1,3,6->13
1,6,10->7
1,6,10->5
1,6,10->9
1,6,10->8
1,6,10->3
1,6,10->4
1,6,10->13
1,4,6->13
1,13,6->4
3,6,8->7
3,6,8->5
3,6,8->9
3,6,8->1
3,6,8->10
3,6,8->2
3,6,8->4
3,6,8->13
6,8,10->7
6,8,10->5
6,8,10->12
6,8,10->13
2,6,8,10->9
2,6,8,10->1
2,6,8,10->3
2,6,8,10->4
4,6,8,10->9
4,6,8,10->1
4,6,8,10->3
4,6,8,10->2
2,13,6,8->4
3,6->12
3,6,10->7
3,6,10->5
3,6,10->9
3,6,10->1
3,6,10->8
3,6,10->2
3,6,10->4
3,6,10->13
13,3,4,6->5
13,3,4,6->9
13,3,4,6->1
13,3,4,6->8
13,3,4,6->10
13,3,6->7
13,3,6->2
2,12,6,10->4
2,13,6,10->4
4,6,10->12
13,4,6,10->2
13,6,10->12
1,5,9->7
1,5,9->6
1,5,9->8
1,5,9->3
1,5,9->10
1,5,9->4
1,5,9->13
13,5,8,9->2
3,5,9->7
3,5,9->6
3,5,9->1
3,5,9->8
3,5,9->10
3,5,9->2
3,5,9->4
3,5,9->12
3,5,9->13
2,5,9,10->4
4,5,9,10->2
13,5,9,10->2
13,5,9->4
1,5->2
1,5->12
1,5,8->7
1,5,8->6
1,5,8->9
1,5,8->3
1,5,8->10
1,5,8->13
1,3,5->7
1,3,5->6
1,3,5->9
1,3,5->8
1,3,5->10
1,3,5->13
1,5,10->7
1,5,10->6
1,5,10->9
1,5,10->8
1,5,10->3
1,5,10->4
1,5,10->13
1,13,5->4
3,5,8->7
3,5,8->6
3,5,8->9
3,5,8->1
3,5,8->10
3,5,8->2
3,5,8->4
3,5,8->12
3,5,8->13
2,5,8->9
2,5,8->4
4,5,8->9
4,5,8->2
13,5,8->10
3,5,10->7
3,5,10->6
3,5,10->9
3,5,10->1
3,5,10->8
3,5,10->2
3,5,10->4
3,5,10->12
3,5,10->13
2,3,5->12
2,3,5->13
2,3,4,5->7
2,3,4,5->6
2,3,4,5->9
2,3,4,5->1
2,3,4,5->8
2,3,4,5->10
12,3,4,5->6
13,3,4,5->7
13,3,4,5->6
13,3,4,5->9
13,3,4,5->1
13,3,4,5->8
13,3,4,5->10
13,3,5->2
13,3,5->12
2,12,5,10->4
1,9->2
1,8,9->10
1,8,9->12
1,3,9->7
1,3,9->6
1,3,9->5
1,3,9->8
1,3,9->10
1,3,9->12
1,3,9->13
1,9,10->4
1,9,10->12
1,12,13,9->4
3,8,9->2
3,8,9->13
12,3,8,9->10
3,9,10->2
3,9,10->13
2,12,3,4,9->13
9,10->8
1,8->4
1,3,8->7
1,3,8->6
1,3,8->5
1,3,8->9
1,3,8->10
1,3,8->12
1,3,8->13
1,8,10->2
1,8,10->12
1,2,8->12
1,12,8->2
1,13,8->2
1,13,8->12
1,3->2
1,3->4
1,3,10->7
1,3,10->6
1,3,10->5
1,3,10->9
1,3,10->8
1,3,10->12
1,3,10->13
1,13,3->7
1,13,3->6
1,13,3->5
1,13,3->9
1,13,3->8
1,13,3->10
1,13,3->12
1,4,10->2
1,12,10->2
3,8,10->9
3,8,10->2
3,8,10->13
12,13,3,8->9
12,13,3,8->10
12,13,3,8->2
13,3,4,10->2