6,7,13->1
6,7,8,12,13->11
6,7,9,12,13->11
6,7,13,14,3->12
6,7,13,14,4->12
6,7,13,2->3
6,7,13,2->4
6,7,13,14,2->12
6,7,13,14->10
6,7,11,13,14->12
6,7,11,13,14->8
6,7,11,13,14->9
6,7,3->1
6,7,4->1
6,7,2->1
6,12,13->1
6,12,13->10
6,12,13,2->3
6,12,13,2->4
6,11,12,13->8
6,11,12,13->9
6,13,3->2
6,8,13,3->11
6,9,13,3->11
6,13,4->2
6,8,13,4->11
6,9,13,4->11
6,8,13,2->11
6,9,13,2->11
6,10,11,13->8
6,10,11,13->9
6,12->14
6,10,3->2
6,4->3
6,10,4->2
7,12,13,5->1
7,13,14,5->1
7,11,13,5->1
7,12,3,5->1
7,8,10,12,3,5->2
7,9,10,12,3,5->2
7,12,4,5->1
7,8,10,12,4,5->2
7,9,10,12,4,5->2
7,12,2,5->1
7,8,10,14,3,5->2
7,9,10,14,3,5->2
7,8,10,14,4,5->2
7,9,10,14,4,5->2
7,12,13,3->1
7,12,13,4->1
7,12,13,2->1
7,10,12,13->1
7,11,12,13->1
7,11,12,13->14
7,13,3->2
7,11,13,14,3->1
7,13,4->2
7,11,13,14,4->1
7,11,13,14,2->1
7,4->3
13,3,5->2
13,4,5->3
13,4,5->2
1,8,10,11,12,3,5->2
1,9,10,11,12,3,5->2
12,4,5->3
1,8,10,11,12,4,5->2
1,9,10,11,12,4,5->2
1,4,5->3
2,4,5->3
10,14,4,5->3
1,8,10,11,12,13,3->2
1,9,10,11,12,13,3->2
1,8,10,11,12,13,4->2
1,9,10,11,12,13,4->2
13,2,4->3
10,13,4->3
11,13,4->3
1,10,12,4->3
12,2,4->3
3->4
1,10,2,4->3
1,14,2,4->3
1,11,2,4->3
8->9
9->8