6,7->1
6,7,8,12,13->11
6,7,9,12,13->11
6,7,13,14,3->12
6,7,13,14,4->12
6,7,13,2->3
6,7,13,2->4
6,7,13,14,2->12
6,7,13,14->10
6,7,11,13,14->12
6,13->1
6,12,13->10
6,12,13,3->7
6,12,13,4->7
6,12,13,2->7
6,12,13,2->3
6,12,13,2->4
6,8,13,3->11
6,9,13,3->11
6,8,13,4->11
6,9,13,4->11
6,8,13,2->11
6,9,13,2->11
6,11,13->8
6,11,13->9
6,12->14
6,3->2
6,4->3
6,4->2
7,13,5->1
7,12,5->1
7,14,3,5->2
7,11,3,5->2
7,14,4,5->2
7,11,4,5->2
7,12,13,3->1
7,12,13,4->1
7,12,13,2->1
7,10,12,13->1
7,11,12,13->1
7,13,3->2
7,11,13,14,3->1
7,13,4->2
7,11,13,14,4->1
7,11,13,14,2->1
7,12,3->2
7,12,4->2
7,11,12->14
7,8,14,3->2
7,9,14,3->2
7,8,11,3->2
7,9,11,3->2
7,4->3
7,8,14,4->2
7,9,14,4->2
7,8,11,4->2
7,9,11,4->2
13,3,5->2
13,4,5->3
13,4,5->2
1,11,12,3,5->2
12,4,5->3
1,11,12,4,5->2
1,4,5->3
2,4,5->3
14,4,5->3
1,10,11,12,13,3->2
1,10,11,12,13,4->2
13,2,4->3
10,13,4->3
11,13,4->3
1,10,12,4->3
12,2,4->3
3->4
1,10,2,4->3
1,14,2,4->3
1,11,2,4->3
8->9
9->8