6,7,13,14,3->12
6,7,11,13,14,3->8
6,7,11,13,14,3->9
6,7,13,14,4->12
6,7,11,13,14,4->8
6,7,11,13,14,4->9
6,7,13,2->1
6,7,13,14,2->12
6,7,8,13,2->3
6,7,8,13,2->4
6,7,9,13,2->3
6,7,9,13,2->4
6,7,13,14->10
6,7,8,13->1
6,7,9,13->1
6,7,3->1
6,7,4->1
6,7,8,2->1
6,7,9,2->1
6,12,13->10
6,11,12,13,3->1
6,11,12,13,3->8
6,11,12,13,3->9
6,11,12,13,4->1
6,11,12,13,4->8
6,11,12,13,4->9
6,8,12,13,2->3
6,8,12,13,2->4
6,9,12,13,2->3
6,9,12,13,2->4
6,11,12,13,2->1
6,8,12,13->1
6,9,12,13->1
6,13,3->2
6,10,11,13,3->8
6,10,11,13,3->9
6,13,4->2
6,10,11,13,4->8
6,10,11,13,4->9
6,12->14
6,10,3->2
6,4->3
6,10,4->2
7,8,12,13,5->1
7,9,12,13,5->1
7,13,14,3,5->1
7,11,13,3,5->1
7,13,14,4,5->1
7,11,13,4,5->1
7,13,14,2,5->1
7,11,13,2,5->1
7,8,13,14,5->1
7,9,13,14,5->1
7,8,11,13,5->1
7,9,11,13,5->1
7,12,3,5->1
7,8,10,12,3,5->2
7,9,10,12,3,5->2
7,12,4,5->1
7,8,10,12,4,5->2
7,9,10,12,4,5->2
7,8,12,2,5->1
7,9,12,2,5->1
7,8,10,14,3,5->2
7,9,10,14,3,5->2
7,8,10,14,4,5->2
7,9,10,14,4,5->2
7,12,13,3->1
7,12,13,4->1
7,12,13,2->1
7,8,10,12,13->1
7,9,10,12,13->1
7,8,11,12,13->1
7,9,11,12,13->1
7,11,12,13->14
7,13,3->2
7,10,11,13,14,3->1
7,13,4->3
7,13,4->2
7,10,11,13,14,4->1
7,12,4->3
7,14,4->3
7,10,4->3
7,11,4->3
13,3,5->2
13,4,5->3
13,4,5->2
1,8,10,11,12,3,5->2
1,9,10,11,12,3,5->2
12,4,5->3
1,8,10,11,12,4,5->2
1,9,10,11,12,4,5->2
1,11,2,4,5->3
1,14,4,5->3
14,2,4,5->3
10,2,4,5->3
8,11,2,4,5->3
9,11,2,4,5->3
1,8,10,11,12,13,3->2
1,9,10,11,12,13,3->2
1,8,10,11,12,13,4->2
1,9,10,11,12,13,4->2
10,12,13,4->3
11,12,13,4->3
1,10,13,14,4->3
1,11,13,14,4->3
13,2,4->3
8,10,13,14,4->3
9,10,13,14,4->3
10,11,13,14,4->3
8,11,13,14,4->3
9,11,13,14,4->3
1,12,2,4->3
8,10,12,2,4->3
9,10,12,2,4->3
10,11,12,2,4->3
3->4
1,10,14,2,4->3
1,8,14,2,4->3
1,9,14,2,4->3
1,8,10,2,4->3
1,9,10,2,4->3
1,8,11,2,4->3
1,9,11,2,4->3
8->9
9->8